134.00 93.00 939.00 456.00
167.00 490.00 928.00 -7.00
172.00 286.00 951.00 279.00
423.00 511.00 434.00 99.00
119.00 411.00 283.00 269.00
613.00 588.00 735.00 502.00
761.00 544.00 968.00 639.00
774.00 648.00 946.00 534.00
783.00 510.00 1023.00 605.00
875.00 643.00 1039.00 541.00
850.00 481.00 1139.00 556.00
729.00 212.00 739.00 326.00
639.00 391.00 764.00 296.00
434.00 99.00 1029.00 219.00
135.00 94.00 434.00 99.00
172.00 286.00 434.00 100.00
174.00 286.00 423.00 511.00
283.00 268.00 520.00 458.00
283.00 268.00 583.00 48.00
285.00 268.00 709.00 61.00
